-616 -332
-615 -331
-613 -331
-609 -331
-605 -331
-601 -331
-598 -333
-593 -335
-588 -338
-584 -341
-581 -345
-578 -350
-575 -357
-573 -363
-572 -369
-570 -375
-569 -380
-569 -386
-568 -393
-568 -397
-567 -402
-567 -405
-567 -409
-567 -412
-567 -414
-567 -417
-567 -418
-568 -419
-569 -420
-570 -420
-572 -420
-577 -418
-580 -415
-585 -412
-587 -410
-591 -406
-594 -403
-598 -399
-601 -395
-605 -391
-606 -388
-608 -386
-611 -381
-612 -378
-613 -376
-616 -371
-616 -368
-618 -363
-618 -360
-620 -355
-621 -351
-621 -346
-621 -341
-621 -336
-621 -329
-621 -323
-621 -314
-621 -307
-621 -297
-621 -288
-621 -278
-621 -269
-621 -261
-621 -253
-621 -244
-621 -237
-621 -229
-621 -222
-621 -216
-621 -209
-621 -202
-621 -196
-621 -191
-621 -186
-621 -181
-621 -177
-621 -174
-621 -173
-621 -171
-622 -168
-652 -276
-651 -275
-649 -273
-644 -273
-639 -273
-631 -272
-623 -272
-614 -272
-603 -272
-592 -272
-580 -272
-571 -272
-563 -272
-556 -272
-551 -272
-548 -272
-545 -273
-546 -274
-459 -408
-459 -407
-459 -403
-459 -398
-459 -394
-460 -389
-461 -383
-463 -378
-467 -371
-468 -364
-472 -357
-473 -352
-477 -346
-478 -339
-480 -334
-481 -329
-482 -324
-483 -320
-485 -316
-486 -311
-486 -307
-486 -303
-487 -299
-487 -297
-487 -294
-487 -292
-487 -291
-487 -288
-487 -287
-487 -284
-487 -283
-486 -281
-484 -278
-483 -276
-482 -274
-480 -271
-479 -270
-479 -269
-477 -267
-476 -266
-474 -265
-473 -265
-470 -265
-468 -263
-466 -263
-464 -263
-463 -263
-460 -263
-459 -263
-458 -263
-457 -264
-456 -265
-341 -295
-340 -293
-341 -291
-342 -288
-343 -286
-346 -282
-347 -281
-350 -277
-352 -275
-355 -272
-356 -271
-357 -270
-361 -267
-362 -267
-365 -266
-366 -266
-369 -266
-371 -266
-374 -266
-376 -266
-380 -266
-381 -266
-384 -266
-386 -266
-387 -266
-390 -267
-392 -269
-393 -270
-395 -274
-397 -278
-398 -280
-398 -283
-400 -286
-400 -288
-400 -290
-400 -294
-400 -297
-400 -299
-400 -302
-400 -304
-399 -308
-398 -309
-397 -312
-394 -315
-392 -318
-390 -320
-388 -322
-386 -325
-382 -329
-379 -331
-378 -331
-375 -334
-373 -336
-372 -337
-370 -339
-368 -340
-366 -340
-363 -341
-361 -341
-358 -341
-353 -343
-350 -343
-346 -343
-343 -343
-340 -343
-339 -343
-338 -343
-336 -343
-335 -342
-334 -341
-334 -339
-333 -337
-332 -333
-332 -329
-330 -326
-329 -322
-329 -319
-329 -315
-328 -312
-328 -308
-328 -304
-328 -301
-328 -298
-328 -296
-328 -293
-328 -291
-328 -288
-330 -284
-331 -281
-332 -277
-332 -276
-332 -273
-333 -271
-333 -269
-333 -268
-333 -266
-333 -263
-333 -262
-333 -261
-333 -259
-333 -257
-333 -255
-333 -253
-333 -251
-332 -248
-330 -246
-329 -245
-327 -243
-325 -241
-323 -240
-319 -238
-317 -237
-315 -237
-313 -236
-310 -236
-308 -235
-305 -235
-301 -235
-299 -235
-296 -235
-295 -235
-294 -235
-179 -293
-179 -292
-179 -289
-179 -286
-179 -283
-179 -279
-179 -276
-179 -273
-179 -271
-180 -268
-181 -267
-182 -266
-183 -263
-185 -261
-186 -260
-188 -259
-190 -258
-194 -256
-197 -255
-200 -255
-202 -255
-205 -253
-207 -253
-210 -253
-212 -253
-215 -253
-216 -253
-219 -253
-220 -253
-221 -253
-224 -253
-225 -253
-227 -255
-228 -257
-230 -259
-231 -260
-232 -263
-232 -264
-233 -267
-233 -270
-233 -274
-233 -278
-233 -282
-233 -285
-233 -288
-233 -292
-233 -294
-232 -298
-229 -301
-228 -304
-225 -308
-223 -310
-221 -313
-219 -315
-217 -318
-215 -321
-214 -323
-213 -324
-212 -325
-211 -328
-210 -329
-209 -329
-208 -330
-206 -330
-205 -330
-204 -330
-203 -330
-200 -330
-199 -330
-195 -330
-193 -330
-189 -330
-185 -330
-182 -329
-179 -327
-177 -325
-174 -324
-172 -321
-170 -318
-168 -313
-167 -310
-165 -305
-164 -300
-163 -296
-162 -291
-160 -286
-160 -282
-159 -278
-159 -276
-159 -273
-159 -271
-158 -267
-158 -264
-158 -261
-158 -258
-158 -254
-158 -252
-158 -249
-158 -244
-158 -242
-158 -237
-158 -233
-158 -229
-160 -225
-161 -222
-162 -219
-163 -216
-165 -212
-166 -209
-168 -206
-169 -202
-171 -199
-172 -196
-174 -192
-177 -189
-180 -185
-183 -182
-186 -179
-189 -175
-192 -172
-196 -169
-200 -165
-203 -162
-206 -159
-209 -156
-213 -152
-217 -150
-221 -147
-222 -146
-225 -146
-226 -145
-229 -145
-231 -143
-233 -144
-235 -145
-236 -146
-237 -147
-238 -148
-238 -149
-240 -152
-241 -154
-241 -158
-241 -162
-241 -165
-241 -169
-241 -172
-241 -174
-240 -177
-239 -179
-237 -183
-234 -187
-233 -190
-230 -194
-228 -198
-225 -204
-223 -207
-221 -211
-218 -214
-217 -217
-214 -220
-212 -223
-209 -226
-205 -230
-203 -233
-201 -235
-198 -239
-194 -243
-191 -246
-188 -249
-185 -251
-181 -254
-178 -256
-175 -258
-170 -260
-166 -261
-161 -264
-156 -266
-151 -269
-148 -269
-144 -271
-140 -272
-138 -274
-136 -274
-134 -275
-13 -419
-14 -420
-15 -420
-16 -420
-17 -420
-19 -420
-21 -420
-22 -420
-24 -420
-26 -419
-27 -418
-28 -416
-31 -412
-31 -411
-32 -407
-33 -403
-33 -399
-33 -396
-35 -390
-35 -384
-36 -377
-36 -371
-36 -362
-36 -354
-36 -346
-36 -337
-36 -329
-38 -322
-40 -314
-41 -308
-43 -302
-47 -296
-51 -290
-55 -285
-59 -281
-62 -278
-65 -276
-67 -275
-69 -275
-65 -275
-63 -276
-58 -278
-55 -278
-54 -278
-51 -278
-50 -278
-48 -277
-47 -274
-47 -269
-47 -264
-47 -259
-47 -254
-47 -248
-47 -242
-47 -237
-47 -232
-47 -226
-47 -222
-47 -218
-47 -214
-45 -211
-45 -209
-44 -207
-43 -204
-42 -202
-39 -198
-38 -197
-36 -195
-34 -193
-31 -192
-29 -191
-27 -190
-25 -190
-24 -190
-23 -190
-28 -146
-27 -147
-27 -151
-27 -157
-27 -162
-27 -168
-28 -174
-28 -179
-30 -184
-30 -188
-30 -190
-30 -194
-30 -197
-30 -198
-30 -202
-30 -204
-30 -207
-30 -209
-30 -213
-30 -215
-30 -218
-29 -220
-28 -223
-28 -225
-27 -228
-25 -231
-24 -233
-22 -236
-20 -239
-19 -241
-17 -244
-15 -247
-13 -249
-12 -250
-11 -251
-9 -251
-7 -252
-5 -253
-4 -253
-1 -253
1 -253
4 -253
5 -252
7 -251
9 -250
10 -250
11 -249
12 -248
13 -247
15 -244
16 -242
16 -239
17 -237
17 -236
17 -234
17 -233
17 -232
17 -229
17 -228
15 -225
14 -224
12 -222
11 -221
8 -220
4 -218
3 -218
-1 -218
-4 -217
-6 -217
-9 -217
-10 -217
-11 -217
-12 -217
-15 -216
-16 -216
-17 -216
-20 -216
-21 -216
79 -253
78 -253
75 -253
74 -252
73 -251
70 -249
68 -247
67 -243
65 -240
63 -237
62 -234
61 -231
60 -229
60 -226
59 -223
59 -221
59 -217
59 -215
59 -212
59 -209
59 -207
61 -203
62 -202
63 -199
65 -196
66 -195
69 -193
72 -192
75 -191
77 -191
81 -191
85 -191
89 -191
92 -191
96 -191
100 -191
104 -191
108 -193
110 -193
115 -195
117 -196
120 -199
121 -200
124 -203
126 -205
127 -207
129 -211
130 -213
131 -217
131 -220
131 -224
131 -228
131 -232
131 -237
131 -240
131 -244
129 -249
129 -250
127 -253
127 -255
124 -258
123 -259
122 -260
121 -260
119 -260
116 -260
114 -260
110 -260
106 -260
101 -260
98 -260
95 -260
93 -260
91 -260
90 -260
89 -260
88 -260
86 -260
85 -260
82 -260
80 -258
78 -256
76 -255
73 -253
72 -252
72 -251
72 -249
72 -248
73 -246
220 -256
219 -256
218 -257
216 -258
215 -259
213 -259
209 -259
205 -259
200 -259
195 -259
190 -259
186 -259
184 -259
180 -259
179 -259
178 -259
177 -258
176 -258
175 -257
174 -256
174 -254
174 -253
174 -251
174 -249
175 -246
178 -243
183 -240
188 -237
194 -235
201 -232
204 -230
209 -228
211 -226
213 -225
214 -225
215 -224
216 -222
216 -221
216 -218
217 -216
217 -214
217 -212
217 -209
217 -207
217 -204
217 -202
215 -199
214 -197
213 -196
210 -192
209 -191
206 -190
204 -190
199 -188
195 -188
190 -188
185 -188
180 -188
176 -188
173 -188
169 -188
166 -189
163 -190
160 -190
159 -191
158 -191
156 -191
155 -192
156 -193
159 -193
270 -254
269 -255
268 -255
265 -256
260 -256
255 -256
248 -258
241 -258
234 -258
229 -258
225 -258
221 -258
218 -258
216 -258
214 -258
211 -257
210 -256
209 -253
209 -251
210 -247
212 -244
216 -241
219 -238
225 -235
231 -231
238 -228
246 -225
251 -222
255 -221
260 -220
261 -220
262 -220
263 -219
265 -217
265 -216
266 -214
266 -212
266 -209
266 -206
266 -203
266 -201
266 -199
265 -197
264 -196
260 -195
256 -195
251 -193
247 -193
243 -192
238 -192
233 -191
229 -190
225 -190
223 -190
220 -190
218 -189
217 -188
216 -188
215 -189
296 -237
295 -238
293 -236
292 -235
290 -233
288 -231
287 -229
285 -227
285 -224
285 -222
285 -218
285 -216
285 -212
285 -208
285 -206
287 -201
288 -199
290 -196
292 -194
293 -193
295 -191
299 -190
301 -190
306 -188
311 -188
315 -187
320 -187
324 -187
328 -187
331 -187
335 -187
336 -187
337 -188
339 -189
340 -190
341 -191
343 -193
344 -194
345 -195
347 -197
348 -199
350 -201
350 -203
351 -205
352 -207
352 -208
352 -210
352 -212
352 -214
353 -216
353 -217
353 -219
353 -220
353 -223
353 -224
353 -227
353 -228
353 -230
353 -232
353 -234
353 -237
352 -238
349 -241
347 -243
344 -246
339 -248
335 -251
330 -254
326 -256
323 -258
320 -259
319 -259
318 -259
315 -259
314 -259
311 -259
309 -259
305 -259
303 -259
299 -258
296 -257
294 -256
291 -256
289 -255
286 -253
284 -252
282 -250
279 -248
278 -246
277 -242
275 -239
275 -237
275 -234
275 -233
275 -232
275 -231
361 -192
362 -192
369 -192
374 -192
382 -192
389 -192
397 -192
405 -192
410 -192
415 -192
417 -192
419 -192
462 -247
463 -248
458 -248
452 -248
446 -248
443 -248
438 -247
434 -246
429 -243
428 -242
424 -239
422 -237
420 -235
418 -233
415 -229
414 -227
413 -224
410 -220
409 -218
408 -214
407 -211
405 -208
404 -206
403 -203
403 -201
402 -198
402 -196
402 -194
402 -192
402 -191
402 -188
404 -186
408 -184
412 -182
417 -181
424 -180
431 -177
437 -176
444 -176
450 -175
454 -175
456 -175
457 -175
459 -175
460 -175
461 -175
524 -240
523 -240
520 -240
518 -239
515 -237
514 -236
513 -235
509 -233
508 -231
505 -229
503 -226
502 -223
499 -218
497 -214
494 -208
492 -204
490 -201
489 -196
488 -192
487 -188
487 -185
487 -182
487 -179
487 -178
487 -177
487 -175
488 -174
490 -171
491 -170
493 -168
495 -166
497 -165
501 -163
505 -162
510 -161
515 -160
517 -160
521 -158
524 -158
525 -158
526 -158
527 -158
529 -158
530 -158
531 -158
532 -159
534 -161
536 -164
537 -168
538 -170
540 -174
541 -176
542 -178
543 -180
543 -184
543 -185
545 -189
545 -192
545 -194
545 -198
545 -199
545 -203
545 -205
545 -208
545 -210
545 -214
545 -217
545 -220
545 -223
545 -225
545 -228
545 -230
545 -232
544 -233
543 -235
542 -238
541 -239
540 -240
539 -242
538 -243
538 -242
538 -241
539 -237
541 -233
542 -231
543 -227
546 -223
548 -218
550 -214
552 -211
554 -207
556 -204
558 -201
561 -198
563 -195
566 -192
567 -191
571 -189
573 -187
575 -185
579 -182
581 -181
584 -180
587 -179
588 -178
589 -178
590 -178
661 -350
661 -349
661 -347
661 -344
660 -341
660 -337
659 -332
657 -326
657 -319
654 -312
652 -303
649 -295
647 -286
644 -276
642 -267
639 -259
637 -252
635 -245
635 -241
634 -237
634 -233
635 -230
635 -227
637 -225
638 -222
640 -220
641 -219
643 -217
645 -216
649 -215
653 -213
656 -213
661 -213
666 -212
671 -211
676 -211
681 -210
682 -210
685 -210
686 -210
687 -210
631 -295
632 -295
633 -296
634 -296
636 -296
637 -296
641 -296
646 -296
651 -296
657 -296
664 -296
671 -296
679 -296
687 -296
695 -296
701 -296
706 -296
710 -296
712 -296
715 -296
716 -296
717 -296
719 -296
721 -296
725 -296
727 -296
730 -296
732 -296
734 -296
736 -296
740 -296
741 -296
744 -296
747 -297
748 -298
749 -298
750 -298
752 -298
754 -298
755 -298
757 -298
759 -298
760 -298
761 -298
762 -298
764 -298
765 -298
747 -343
746 -342
745 -341
742 -338
739 -335
737 -333
734 -329
732 -325
729 -321
727 -316
724 -309
723 -302
721 -296
719 -289
718 -282
718 -276
718 -269
718 -264
718 -259
718 -254
718 -251
718 -246
718 -242
718 -239
720 -236
720 -233
721 -232
722 -231
723 -229
724 -227
725 -226
726 -225
727 -223
728 -222
730 -221
732 -220
734 -220
735 -220
736 -220
737 -219
738 -218
740 -218
741 -218
742 -218
745 -217
746 -217
747 -217
749 -217
750 -217
831 -259
829 -258
827 -254
824 -250
822 -246
820 -241
819 -236
819 -232
819 -228
819 -226
819 -224
819 -223
820 -221
821 -220
821 -219
822 -217
824 -215
826 -213
828 -211
830 -210
832 -208
836 -207
840 -205
845 -204
847 -202
851 -202
854 -201
856 -201
859 -201
861 -201
862 -201
865 -201
867 -201
870 -202
873 -205
876 -209
877 -212
880 -216
882 -219
885 -224
886 -225
887 -228
887 -230
888 -233
888 -235
889 -238
890 -239
890 -242
890 -245
891 -248
891 -250
891 -253
891 -254
891 -255
892 -256
892 -253
892 -249
892 -244
892 -239
892 -234
892 -230
892 -226
892 -221
892 -218
892 -215
892 -212
892 -211
892 -209
892 -208
892 -207
892 -206
892 -204
893 -203
893 -202
893 -201
893 -199
893 -198
893 -196
895 -192
896 -189
896 -188
897 -186
940 -246
940 -244
941 -240
942 -234
942 -228
943 -223
943 -218
943 -212
943 -207
943 -202
943 -199
943 -196
943 -193
942 -191
942 -189
941 -187
940 -186
940 -188
940 -193
941 -197
942 -200
943 -204
945 -209
946 -212
947 -215
950 -221
951 -223
953 -226
954 -229
956 -231
958 -233
959 -234
961 -235
966 -237
967 -238
972 -238
976 -239
981 -240
984 -241
985 -241
1060 -251
1061 -250
1061 -248
1061 -245
1060 -242
1059 -238
1058 -234
1057 -231
1055 -225
1054 -222
1052 -218
1049 -214
1047 -210
1045 -207
1043 -205
1042 -204
1040 -202
1039 -201
1037 -200
1035 -200
1031 -200
1028 -200
1025 -200
1023 -200
1021 -200
1020 -200
1019 -200
1016 -200
1015 -200
1014 -200
1013 -201
1010 -204
1010 -205
1009 -208
1008 -210
1008 -213
1007 -217
1007 -220
1007 -223
1007 -227
1007 -229
1007 -230
1007 -234
1008 -237
1008 -239
1010 -243
1011 -246
1012 -250
1013 -254
1015 -257
1016 -260
1018 -263
1020 -265
1021 -266
1022 -267
1023 -268
1024 -268
1025 -268
1026 -268
1029 -268
1031 -268
1032 -268
1035 -268
1036 -268
1037 -267
1041 -265
1043 -263
1045 -261
1048 -259
1050 -256
1051 -254
1053 -251
1055 -249
1057 -246
1058 -243
1060 -241
1061 -237
1062 -233
1063 -229
1066 -226
1066 -223
1067 -221
1067 -218
1068 -214
1069 -211
1070 -208
1071 -206
1071 -203
1071 -199
1072 -197
1072 -196
1073 -193
1073 -192
1074 -191
1075 -190
1076 -188
1077 -187
1078 -186
1079 -186
1081 -185
1084 -183
1086 -183
1087 -183
1090 -182
1136 -258
1135 -257
1135 -256
1135 -254
1136 -252
1136 -251
1137 -246
1138 -240
1138 -236
1140 -229
1140 -223
1140 -218
1140 -213
1140 -209
1140 -206
1140 -204
1139 -202
1139 -201
1138 -199
1138 -198
1137 -197
1137 -198
1137 -200
1137 -204
1137 -207
1137 -209
1137 -213
1137 -215
1137 -218
1137 -222
1137 -224
1138 -228
1140 -230
1141 -232
1142 -234
1143 -236
1146 -239
1147 -240
1148 -242
1150 -244
1152 -245
1154 -245
1156 -246
1157 -246
1160 -247
1161 -248
1164 -248
1166 -249
1167 -249
1169 -249
1170 -249
1211 -317
1210 -318
1211 -320
1214 -321
1219 -323
1224 -325
1229 -328
1232 -328
1237 -330
1241 -330
1245 -330
1247 -330
1249 -330
1251 -330
1254 -330
1256 -330
1257 -330
1260 -330
1262 -328
1264 -326
1266 -323
1267 -321
1267 -318
1268 -316
1268 -311
1268 -307
1268 -302
1268 -298
1268 -293
1268 -289
1266 -286
1263 -282
1261 -281
1258 -279
1254 -277
1250 -276
1245 -274
1241 -273
1238 -272
1234 -271
1229 -271
1226 -270
1223 -270
1221 -270
1219 -270
1218 -270
1216 -270
1217 -270
1220 -270
1224 -270
1227 -270
1232 -270
1236 -270
1241 -270
1247 -268
1250 -268
1252 -267
1254 -267
1256 -266
1260 -264
1261 -263
1263 -261
1266 -257
1269 -252
1273 -247
1277 -243
1281 -237
1285 -232
1288 -228
1291 -225
1292 -223
1292 -221
1292 -219
1292 -218
1292 -216
1292 -213
1292 -211
1292 -208
1290 -205
1287 -203
1284 -201
1280 -198
1275 -197
1270 -196
1265 -195
1259 -193
1254 -192
1248 -190
1243 -190
1238 -190
1233 -188
1228 -188
1223 -188
1219 -188
1213 -189
1209 -190
1203 -192
1200 -195
1196 -198
1194 -200
1193 -201
1192 -202
1192 -203
1191 -204
1190 -205
1191 -205
1194 -205
1307 -186
1309 -186
1310 -186
1311 -186
1312 -186
1315 -186
1319 -186
1324 -188
1329 -188
1335 -188
1341 -189
1349 -190
1355 -190
1360 -191
1364 -193
1366 -193
1367 -193
251 -51
252 -50
252 -48
250 -44
249 -41
248 -38
248 -36
247 -32
247 -28
245 -26
245 -22
245 -19
245 -16
245 -13
245 -11
245 -7
246 -5
247 -2
247 1
248 3
248 4
249 7
250 8
251 9
252 10
253 12
255 14
257 15
262 17
266 18
270 18
274 19
276 19
280 19
284 19
287 19
290 19
294 17
297 15
302 11
305 8
308 2
311 -3
313 -8
316 -15
317 -19
318 -24
320 -27
320 -30
321 -34
321 -37
321 -39
321 -42
321 -44
320 -48
318 -50
316 -53
313 -56
310 -58
306 -60
304 -61
301 -61
300 -61
298 -61
295 -61
293 -61
290 -61
288 -61
284 -60
279 -57
274 -54
270 -51
266 -48
263 -46
260 -43
259 -42
258 -41
319 -40
321 -38
321 -37
322 -33
322 -29
323 -26
323 -21
325 -16
325 -11
326 -6
327 -2
327 2
328 7
328 8
330 10
331 13
332 15
333 17
335 19
336 20
338 22
340 24
343 26
346 28
349 29
351 29
354 30
356 30
359 30
360 30
361 30
362 30
364 30
365 30
366 30
367 29
426 -67
427 -66
427 -64
427 -63
427 -62
427 -60
427 -58
428 -55
428 -53
428 -49
428 -46
428 -42
428 -38
428 -34
428 -30
428 -26
428 -22
428 -18
428 -14
427 -11
425 -7
424 -4
423 -1
423 1
422 3
422 0
422 -3
423 -6
426 -10
428 -14
430 -18
432 -22
436 -28
438 -32
442 -36
445 -40
448 -43
451 -46
455 -49
457 -50
460 -50
461 -50
464 -50
466 -50
469 -50
470 -50
471 -50
472 -50
475 -49
477 -47
480 -44
483 -40
486 -36
487 -31
490 -26
491 -21
492 -14
492 -8
492 -3
492 2
492 6
490 10
490 14
489 17
488 19
488 23
487 25
487 27
487 28
487 29
586 -52
586 -53
586 -54
585 -56
583 -56
579 -58
576 -58
574 -58
573 -58
569 -58
568 -58
564 -58
560 -57
559 -56
554 -52
551 -50
547 -47
543 -43
541 -40
538 -37
537 -33
534 -30
533 -28
532 -24
532 -23
530 -20
530 -19
530 -17
530 -14
530 -12
530 -8
530 -7
531 -5
533 -2
536 -1
538 0
541 2
546 3
551 4
556 5
561 7
567 9
572 9
577 10
580 10
581 10
582 10
584 10
585 10
586 10
587 10
589 10
590 10
591 10
592 11
651 -138
652 -137
653 -132
655 -124
656 -116
656 -107
656 -98
656 -88
656 -79
656 -69
655 -59
654 -51
651 -40
648 -32
646 -23
643 -17
640 -10
638 -5
637 -1
635 3
635 6
634 9
634 7
635 4
635 0
636 -4
637 -9
638 -14
640 -19
642 -22
645 -26
647 -29
649 -31
652 -34
655 -36
658 -39
661 -40
665 -41
669 -41
672 -43
675 -44
676 -44
677 -44
680 -44
682 -40
685 -34
686 -29
688 -24
688 -18
688 -13
688 -7
688 -3
688 2
687 6
684 10
684 12
683 14
682 17
712 -24
714 -22
719 -21
724 -21
730 -20
735 -20
741 -20
745 -20
749 -20
752 -21
753 -23
755 -27
755 -32
755 -38
755 -43
755 -49
754 -54
752 -59
749 -63
747 -65
745 -65
741 -65
736 -65
732 -65
727 -64
724 -61
720 -57
715 -54
712 -51
708 -46
705 -41
702 -34
699 -28
697 -22
695 -16
695 -9
694 -3
694 3
695 7
696 11
699 14
701 16
704 18
707 19
711 20
717 20
724 20
730 20
736 20
741 20
746 20
749 20
751 20
752 20
754 20
755 19
756 18
756 17
756 16
797 3
798 4
800 4
802 4
806 5
810 5
815 5
820 5
826 4
831 4
835 2
837 2
839 2
841 2
842 2
844 2
895 -42
895 -39
895 -34
895 -27
895 -19
895 -12
895 -3
895 6
894 13
893 21
893 27
893 33
893 38
892 43
892 48
892 53
892 57
892 58
892 59
890 57
890 55
889 50
889 46
889 40
889 33
889 26
890 19
891 11
892 4
893 -4
893 -10
895 -18
895 -23
896 -28
897 -32
897 -33
897 -35
897 -37
897 -38
897 -39
897 -40
897 -42
897 -43
897 -44
897 -45
897 -47
898 -49
898 -50
898 -52
898 -53
898 -54
899 -55
900 -55
902 -57
903 -58
904 -59
907 -60
911 -61
915 -61
919 -61
924 -63
930 -63
936 -63
941 -63
945 -62
947 -61
950 -60
952 -58
953 -57
953 -56
954 -53
955 -51
955 -47
956 -42
956 -38
956 -34
956 -31
956 -28
956 -27
954 -23
953 -22
950 -21
948 -21
945 -20
943 -20
939 -20
936 -18
933 -18
929 -18
924 -18
920 -18
916 -18
913 -18
910 -18
909 -18
908 -18
906 -19
905 -19
904 -20
902 -21
901 -21
900 -22
1037 -49
1037 -48
1037 -44
1037 -42
1035 -38
1033 -35
1031 -31
1028 -28
1023 -24
1019 -21
1014 -18
1008 -17
1004 -16
998 -16
993 -16
986 -16
983 -16
978 -16
975 -16
972 -18
969 -21
968 -24
967 -28
965 -33
965 -38
964 -42
964 -44
964 -48
965 -51
967 -54
968 -56
969 -59
971 -61
974 -63
977 -65
981 -68
984 -70
987 -71
991 -74
996 -76
999 -78
1001 -79
1004 -79
1005 -80
1006 -80
1008 -80
1010 -80
1014 -77
1018 -73
1022 -69
1026 -65
1029 -61
1032 -57
1034 -52
1036 -50
1036 -47
1037 -43
1037 -41
1037 -37
1037 -33
1037 -29
1037 -24
1038 -21
1039 -15
1040 -11
1041 -8
1042 -5
1043 -2
1043 -1
1045 1
1046 2
1047 3
1049 4
1051 4
1054 5
1057 7
1062 9
1064 9
1066 10
1067 10
1152 -63
1153 -64
1153 -66
1149 -68
1144 -69
1140 -69
1135 -69
1133 -69
1130 -68
1128 -67
1125 -65
1122 -62
1120 -60
1118 -58
1118 -54
1117 -51
1117 -47
1117 -43
1117 -41
1115 -37
1115 -33
1115 -32
1115 -28
1115 -27
1115 -24
1115 -22
1115 -21
1117 -18
1118 -16
1121 -13
1123 -11
1126 -10
1128 -9
1129 -8
1131 -8
1134 -7
1135 -7
1137 -7
1140 -7
1142 -7
1145 -7
1146 -6
1149 -6
1151 -6
1152 -6
1154 -6
1155 -6
1157 -6
1159 -6
1160 -6
1161 -6
1162 -6
1164 -6
1250 -50
1250 -52
1250 -53
1248 -55
1245 -56
1241 -58
1238 -59
1233 -59
1229 -59
1224 -59
1219 -59
1214 -59
1209 -59
1204 -59
1200 -57
1194 -53
1192 -51
1188 -48
1185 -45
1182 -42
1179 -37
1178 -34
1178 -32
1178 -28
1178 -25
1178 -21
1178 -18
1178 -17
1178 -14
1181 -11
1185 -10
1189 -8
1195 -7
1201 -6
1209 -6
1216 -6
1224 -6
1229 -6
1232 -6
1235 -6
1237 -6
1239 -6
1240 -6
1241 -6
1242 -6
1314 -146
1313 -146
1312 -145
1312 -141
1312 -134
1312 -127
1310 -118
1310 -109
1308 -99
1307 -89
1305 -79
1303 -67
1300 -56
1298 -47
1295 -38
1293 -31
1292 -24
1289 -20
1289 -18
1287 -15
1287 -13
1286 -12
1287 -13
1288 -17
1291 -21
1293 -25
1296 -30
1298 -34
1302 -38
1306 -43
1308 -48
1313 -53
1316 -56
1320 -60
1322 -62
1325 -65
1327 -67
1329 -68
1330 -69
1332 -70
1334 -71
1335 -71
1337 -71
1339 -71
1340 -71
1342 -69
1343 -66
1346 -62
1346 -58
1346 -54
1346 -51
1346 -46
1346 -42
1344 -37
1343 -33
1342 -31
1340 -27
1339 -23
1338 -22
1338 -19
1338 -18
1337 -17
1386 -46
1390 -46
1395 -46
1401 -46
1407 -46
1415 -49
1421 -49
1429 -50
1437 -53
1442 -55
1449 -58
1451 -60
1454 -63
1456 -65
1456 -67
1456 -68
1456 -72
1456 -73
1456 -74
1455 -76
1453 -78
1450 -79
1446 -79
1443 -79
1438 -79
1434 -79
1429 -79
1424 -78
1421 -77
1416 -76
1412 -72
1407 -69
1403 -65
1399 -61
1395 -57
1392 -53
1390 -50
1389 -46
1388 -42
1387 -39
1384 -36
1384 -33
1384 -31
1383 -28
1383 -27
1383 -26
1383 -24
1385 -22
1386 -21
1387 -21
1390 -20
1394 -18
1397 -17
1401 -17
1406 -16
1412 -16
1417 -16
1421 -16
1425 -16
1429 -16
1431 -16
1432 -16
1435 -16
1436 -16
1437 -16
1439 -16
1441 -16
1442 -16
1444 -16
1445 -16
1446 -16
1448 -16
1450 -16
1451 -16
1452 -16
1542 -162
1542 -158
1542 -151
1538 -142
1534 -133
1529 -122
1524 -111
1520 -101
1515 -89
1510 -79
1507 -69
1503 -61
1500 -54
1499 -49
1499 -46
1499 -42
1499 -38
1499 -37
1500 -34
1501 -32
1502 -30
1502 -29
1503 -26
1504 -25
1506 -23
1507 -22
1508 -21
1509 -20
1511 -18
1512 -17
1514 -15
1516 -13
1517 -12
1519 -11
1520 -11
1521 -10
1522 -10
1524 -10
1526 -10
1528 -10
1530 -10
1531 -10
1532 -10
1534 -10
1535 -10
1502 -113
1506 -113
1511 -113
1516 -113
1523 -113
1530 -113
1537 -113
1544 -113
1551 -113
1559 -114
1566 -115
1574 -116
1580 -118
1584 -119
1586 -120
1590 -121
1595 -121
1602 -121
1611 -123
1623 -123
1634 -123
1641 -123
1649 -123
1652 -123
1654 -123
1616 -169
1615 -166
1613 -162
1608 -156
1604 -148
1600 -141
1595 -134
1590 -124
1587 -116
1583 -106
1578 -95
1574 -86
1571 -76
1569 -67
1567 -59
1567 -52
1565 -46
1565 -41
1565 -36
1565 -33
1564 -30
1564 -28
1564 -26
1564 -24
1565 -23
1566 -23
1569 -22
1571 -22
1575 -21
1580 -21
1585 -21
1591 -21
1596 -21
1600 -21
1602 -21
1604 -21
1605 -21
1655 -100
1656 -100
1658 -101
1659 -101
1661 -103
1662 -104
1666 -106
1668 -108
1670 -110
1674 -113
1677 -116
1680 -120
1683 -125
1687 -132
1691 -138
1693 -143
1697 -149
1700 -154
1701 -157
1702 -159
1703 -161
1703 -162
1703 -157
1702 -151
1702 -143
1700 -136
1699 -127
1698 -118
1696 -108
1693 -98
1692 -90
1692 -83
1690 -76
1690 -71
1690 -66
1690 -61
1690 -55
1690 -52
1690 -47
1690 -44
1691 -42
1691 -41
1692 -40
1692 -39
1693 -37
1694 -35
1695 -34
1695 -32
1695 -29
1695 -27
1696 -23
1696 -21
1696 -18
1696 -17
1696 -16
1695 -15
1694 -15
1692 -15
1688 -15
1685 -15
1683 -15
1679 -15
1676 -15
1674 -15
1671 -15
1669 -15
1666 -15
1665 -15
1661 -15
1660 -15
1659 -15
1658 -15
1656 -15
1655 -15
1653 -15
1651 -15
1650 -15
1648 -15
1646 -15
1645 -15
1644 -15
1643 -15
1641 -15
1640 -15
1645 -15
1650 -15
1657 -18
1662 -18
1670 -18
1677 -18
1684 -19
1690 -19
1695 -20
1698 -20
1700 -20
1701 -20
1703 -21
1704 -21
1705 -21
1706 -21
1707 -21
1709 -21
1711 -21
1712 -21
1714 -21
1755 -16
1756 -16
1760 -16
1766 -16
1773 -15
1780 -13
1789 -13
1795 -13
1801 -13
1806 -13
1809 -13
1811 -13
1812 -13
1814 -13
1815 -13
1816 -13
1817 -14
1903 -158
1903 -156
1903 -152
1903 -146
1903 -138
1903 -130
1903 -122
1903 -112
1903 -103
1903 -93
1903 -83
1903 -76
1903 -68
1906 -62
1908 -56
1910 -51
1911 -48
1913 -43
1915 -40
1916 -37
1918 -33
1921 -30
1922 -28
1924 -25
1926 -24
1928 -22
1930 -21
1932 -20
1936 -18
1937 -17
1941 -16
1942 -16
1945 -15
1949 -15
1951 -15
1954 -15
1956 -15
1959 -15
1961 -15
1964 -15
1967 -15
1969 -16
1972 -19
1975 -20
1977 -22
1979 -25
1982 -28
1985 -31
1986 -34
1988 -37
1991 -40
1992 -43
1993 -47
1996 -50
1997 -53
1998 -58
2000 -61
2001 -64
2002 -68
2005 -73
2006 -75
2007 -79
2007 -84
2008 -88
2008 -93
2010 -97
2010 -102
2010 -105
2010 -112
2010 -118
2010 -124
2010 -130
2010 -135
2010 -139
2010 -143
2010 -147
2010 -149
2010 -152
2010 -153
2010 -154
2010 -155
2010 -157
2010 -158
2010 -159
2010 -160
2010 -162
2010 -163
2010 -164
2009 -165
2008 -166
2007 -167
2006 -168
2005 -169
2004 -170
2003 -170
2001 -171
2000 -172
1999 -174
1998 -175
1998 -177
1997 -178
1996 -178
1995 -178
2111 -180
2106 -180
2100 -180
2093 -180
2085 -180
2078 -180
2071 -180
2065 -180
2061 -178
2058 -177
2055 -176
2054 -176
2052 -176
2049 -176
2045 -176
2043 -176
2040 -176
2038 -176
2036 -176
2035 -176
2034 -176
2033 -176
2031 -176
2030 -176
2029 -175
2029 -174
2029 -172
2029 -167
2029 -161
2028 -153
2028 -147
2028 -139
2027 -132
2027 -128
2025 -125
2025 -124
2025 -123
2028 -125
2030 -126
2034 -128
2037 -130
2040 -130
2042 -131
2046 -132
2047 -133
2049 -133
2051 -133
2052 -133
2054 -133
2055 -133
2056 -133
2059 -133
2061 -133
2066 -129
2070 -125
2076 -120
2081 -116
2085 -112
2090 -108
2093 -105
2095 -103
2097 -101
2098 -100
2098 -99
2098 -97
2098 -94
2098 -91
2098 -88
2098 -85
2098 -82
2098 -78
2098 -74
2097 -71
2095 -69
2093 -67
2090 -64
2088 -62
2086 -60
2083 -58
2080 -57
2078 -57
2074 -55
2070 -55
2066 -53
2061 -53
2058 -52
2053 -52
2048 -52
2043 -52
2038 -52
2034 -52
2030 -52
2028 -52
2025 -53
2023 -54
2020 -55
2019 -55
2018 -56
2018 -57
2018 -58
2017 -59
2017 -60
2017 -62
2017 -64
2017 -65
2158 -174
2158 -171
2158 -166
2158 -161
2158 -157
2158 -149
2158 -141
2158 -133
2156 -122
2153 -113
2149 -103
2147 -93
2144 -84
2142 -76
2141 -71
2139 -68
2139 -67
2139 -69
2139 -73
2140 -77
2142 -81
2145 -85
2147 -88
2151 -92
2154 -95
2159 -98
2162 -99
2166 -100
2170 -101
2174 -101
2177 -101
2181 -101
2185 -101
2187 -101
2191 -101
2195 -99
2196 -98
2198 -96
2200 -94
2201 -91
2201 -87
2201 -83
2201 -79
2201 -77
2201 -73
2200 -71
2197 -67
2192 -65
2188 -63
2181 -62
2174 -62
2168 -61
2161 -60
2155 -60
2150 -60
2145 -60
2141 -60
2139 -60
2136 -60
2135 -60
2134 -61
2132 -62
2131 -63
2130 -64
2129 -65
2128 -65
2127 -66
2126 -66
2125 -67
2126 -68
2255 -264
2255 -263
2256 -259
2257 -253
2258 -245
2258 -237
2260 -227
2261 -218
2261 -208
2261 -199
2261 -191
2261 -183
2261 -177
2261 -172
2261 -167
2261 -164
2261 -161
2261 -158
2261 -156
2261 -154
2261 -152
2261 -151
2262 -148
2262 -147
2262 -146
2262 -144
2262 -142
2262 -141
2262 -139
2262 -137
2262 -136
2262 -134
2262 -133
2262 -131
2262 -128
2260 -126
2260 -124
2259 -123
2262 -86
2261 -85
2259 -85
2255 -85
2251 -85
2249 -85
2248 -85
2246 -85
2244 -84
2243 -83
2242 -82
2241 -80
2240 -79
2240 -78
2240 -77
2240 -76
2240 -74
2240 -73
2240 -72
2241 -70
2243 -68
2245 -68
2246 -67
2249 -67
2252 -67
2255 -67
2256 -67
2259 -67
2260 -67
2261 -67
2263 -68
2264 -70
2265 -71
2265 -72
2265 -74
2265 -75
2265 -78
2265 -80
2264 -81
2262 -83
2261 -84
2260 -85
2259 -85
2256 -86
2255 -86
2253 -86
2250 -86
2249 -86
2248 -86
2245 -85
2243 -83
2243 -82
2242 -80
2242 -79
2242 -78
2242 -77
2242 -76
2242 -74
2242 -73
2242 -72
2243 -70
2244 -68
2246 -68
2249 -68
2251 -68
2252 -68
2255 -68
2256 -69
2257 -70
2257 -74
2257 -77
2257 -79
2257 -82
2257 -83
2257 -84
2257 -85
2256 -86
2254 -86
2251 -86
2250 -86
2248 -84
2246 -83
2245 -82
2244 -81
2243 -80
2242 -78
2242 -77
2242 -74
2242 -73
2242 -71
2242 -69
2242 -67
2244 -65
2246 -63
2249 -62
2251 -62
2252 -62
2255 -62
2256 -62
2257 -63
2257 -64
2257 -67
2257 -69
2257 -70
2257 -73
2257 -74
2257 -75
2256 -76
2254 -78
2253 -79
2251 -79
2248 -79
2246 -79
2244 -79
2243 -79
2241 -79
2240 -78
2239 -77
2241 -77
2294 -289
2295 -290
2296 -290
2300 -290
2303 -288
2306 -287
2310 -285
2313 -282
2315 -280
2317 -277
2318 -274
2318 -271
2320 -267
2320 -262
2319 -256
2319 -251
2318 -243
2317 -238
2316 -231
2314 -226
2313 -221
2312 -214
2312 -209
2312 -206
2312 -201
2312 -197
2312 -193
2312 -192
2313 -190
2316 -188
2317 -187
2320 -186
2324 -185
2327 -183
2331 -182
2336 -181
2337 -181
2339 -181
2339 -183
2338 -184
2336 -184
2335 -185
2333 -185
2330 -185
2327 -183
2323 -179
2320 -174
2319 -169
2317 -163
2315 -156
2315 -148
2314 -141
2313 -133
2313 -125
2313 -118
2313 -111
2313 -102
2315 -95
2317 -88
2321 -80
2323 -74
2326 -68
2328 -63
2328 -58
2330 -54
2330 -52
2330 -49
2330 -47
2329 -45
2327 -43
2325 -42
2321 -41
2318 -40
2313 -40
2308 -38
2305 -38
2302 -37
2300 -37
832 -591
